1
2
2 1
5 3
-1 4
3 6
2
3
5 1 7
1 2 3
4 9 8
3 -1 8
2 5 7
4 9 6
3
7
0 2 0 2 3 3 0
1 3 5 5 5 3 3
1 2 1 5 2 3 4
2 3 1 0 5 1 3
4 3 2 4 2 1 1
4 1 1 1 4 5 2
0 2 2 2 3 1 2
5 2 1 3 0 3 2
1 1 3 1 2 2 3
4 3 1 5 2 3 3
3 1 4 4 1 3 2
2 2 5 4 1 3 4
1 3 4 1 2 0 4
2 1 2 3 0 0 5
4
10
53 44 29 68 32 19 68 24 84 94
33 53 67 1 78 74 55 12 83 65
11 46 70 60 47 24 43 61 26 48
61 88 7 39 4 92 64 45 61 64
78 52 25 92 18 27 65 46 58 54
42 94 22 0 72 77 68 66 54 65
9 64 67 46 47 19 64 77 87 54
27 96 84 42 15 29 95 35 26 72
15 24 34 46 34 9 21 66 32 52
28 68 78 77 61 58 71 42 12 99
22 93 39 24 33 81 77 75 19 88
11 97 67 44 42 76 17 83 50 99
11 19 74 69 27 38 86 79 15 0
6 14 52 36 20 22 99 32 5 87
40 70 35 74 82 79 51 53 85 61
45 9 15 39 43 95 88 9 56 99
37 53 59 68 89 33 59 11 93 53
76 53 26 70 39 67 15 14 70 48
63 86 4 44 77 44 20 68 58 80
77 48 75 2 40 83 41 50 82 23